6.245087072922179440e-03 9.243890114235771066e-04 -1.505729484349595422e-02 9.531850191995126960e-04 7.161350528115009544e-03 1.056597580921889677e-02
1.342903622833004421e-02 1.504238793459823365e-01 9.570704573177724050e-02 4.874734389707933990e-02 1.057221638080892666e-02 1.077980193333967669e-02
-4.880780678473685408e-02 5.222771943454172783e-02 1.226263341069142587e-01 8.617662828696222646e-03 2.674412041614641130e-03 -1.710085541099445059e-03
-8.092908775974375080e-02 1.557975919683546595e-01 1.837258549547942099e-01 2.227991900649568119e-02 2.691815064032389293e-02 -7.447620897281046620e-03
-6.758573600212811061e-02 2.879801202962928852e-01 2.757921776158037686e-01 5.913555499553182701e-03 1.581473761951055629e-02 -4.585311950423504729e-02
-3.401992634472074395e-02 2.531745092519522428e-02 1.476191611477992716e-01 1.845674567711273013e-03 -1.805021921283306990e-02 -1.489022074119713060e-02
-2.554872270121295169e-02 5.578409193588368398e-02 9.884012073205877824e-02 1.688048307961084044e-02 1.979940336167121742e-02 -1.314132283779772224e-02
-1.057604388966539716e-02 2.425410312837610050e-01 3.167259755576083413e-01 1.747523946890607027e-02 2.503494678843961804e-02 1.651377540043527572e-03
-5.162331288627466930e-02 3.258329557804073295e-01 5.285357908197123589e-01 2.316786934559685388e-02 1.651544647422055478e-02 9.946362060956990148e-04
-1.338829305279077286e-01 2.004199152267199247e-01 4.641245206458604056e-01 1.960488502600485350e-02 2.221158677585382754e-03 -3.381455578949223162e-02
-2.564986046846245288e-02 4.533376011902886388e-02 3.546676426924907366e-01 -2.717642267118159857e-02 -3.878456363999337360e-03 -1.855026379470281483e-02
4.014940663251317932e-02 1.332636850763718461e-01 1.487144376721363237e-01 -6.286551763811654148e-04 3.937205343623577662e-04 -1.359377649572237473e-02
-1.234054813753673319e-01 1.255301988678756975e-01 2.243349078584764844e-01 -1.197056445208871493e-02 1.297892401371472139e-02 -2.247479392813968996e-02
-5.143114113460212078e-02 1.215703841765381210e-01 2.030515751452862672e-01 -1.786817259963763413e-03 -7.564341002122393874e-03 -4.660839792171892620e-02
-1.150949674347104407e-01 1.211842853540854720e-01 1.604584179311896730e-01 4.188473205143378869e-02 1.912389209136493295e-02 -3.657738826362413181e-02
-1.070925221297704955e-01 1.449637007716466086e-01 1.672149927592009588e-01 1.895565277471345997e-02 1.825453520498981474e-03 -3.828798394069344441e-02
-9.147519004168400136e-02 9.893818429473985598e-02 2.020971855367700021e-01 8.608157519689352277e-03 1.451265634046381044e-02 -8.792337012012112554e-03
-3.134261534931789828e-02 -1.986159998909860225e-02 2.050096772515053734e-01 -2.051681784329153352e-03 2.188486609197019470e-02 3.756027897239439667e-02
-1.456410100204323932e-01 9.562627901310449818e-02 2.021816562399942341e-01 3.077158958731163532e-02 3.229009834197831691e-02 -3.033054305662157696e-02
-1.540868979797971328e-01 5.014333646533006977e-02 1.307906454804782515e-01 2.968622067029157846e-02 2.945731300973142633e-02 -1.114091079188241420e-02
-7.229216526714524194e-02 2.386569173160512508e-02 9.122434133064225015e-02 7.419992404974097566e-02 3.177500312409914374e-02 -1.393683822445933827e-02
-5.493612032780064575e-02 -5.588160047237640538e-02 2.568497437675771877e-01 -9.367347242731852023e-04 5.481286524725050707e-02 -1.425096323985632421e-02
3.558723079888755948e-03 5.050019425297036513e-02 5.000491025601566664e-02 4.272765296491832371e-02 2.059743906056862861e-02 6.054592320783221300e-03
-7.192035634609975081e-02 3.131101458595980658e-02 4.373313131912336116e-02 5.197245225423251930e-02 5.234367867308620074e-03 -6.105938281821409082e-03
-1.039764079772030059e-01 1.092937322359184976e-01 4.780421832291377460e-02 5.134958738495006003e-02 1.407667927813014731e-02 -8.569419615126572937e-03
-1.230929161630811008e-01 2.377226131281228588e-02 1.623838888702436589e-01 1.347488019220407889e-02 3.644754364747486430e-02 -1.325399524604131338e-02
-3.074023344056987274e-03 3.091417146118164913e-02 7.410275333507407303e-02 1.559008543578650752e-04 7.323206159453452685e-03 4.991315594067239486e-03
-1.377469868218700044e-01 9.739775056259704356e-02 1.433272782019277825e-01 -1.284740903935444219e-03 1.159174474552721740e-02 -2.723204556936631437e-02
-8.337833966044627676e-02 7.754485939360501734e-02 1.217882980014985822e-01 3.883901620456472331e-02 1.481704654287302816e-02 -7.164517162134404447e-03
-1.272080261485303843e-01 1.778337762573282688e-01 1.591214256646041880e-01 2.340759064465501582e-02 2.901530112037511641e-02 -2.532696798998639032e-02
-1.298096734522228290e-01 1.277887992636559389e-01 1.861381236802426564e-01 1.316990435147498938e-02 1.218661091088395513e-03 -2.283705566823636401e-02
-1.179987644829590676e-01 1.083330654725406100e-01 9.668697270219592244e-02 4.390722707911083600e-02 1.317176994140550894e-02 -1.353143214873105300e-02
-9.954191748583644805e-02 1.199419155874327653e-01 1.298887392224786497e-01 2.226094164644194101e-02 2.002430572901672118e-02 7.074298159552681528e-03
-1.025622731267466226e-01 5.093364920053541911e-02 1.407545101841033430e-01 6.561694595044816232e-03 1.566351813278087091e-02 -2.370793450868609667e-02
-1.163603088973608063e-01 5.660270705992129919e-02 1.267981734176819031e-01 5.764163663337303761e-02 4.844313385345082323e-02 5.357086921957351255e-05
-1.086239160799802039e-01 1.390334294816262528e-01 1.806155361032761308e-01 2.684197710678117715e-02 4.170478444339981161e-02 -3.612866577815760684e-03
-6.752117447089775459e-02 1.470838757923923490e-01 1.494911780124316136e-01 3.697615703212440985e-02 2.212759107148625989e-02 -4.438825214589568052e-02
-8.810233517355607613e-02 3.652762267096305859e-02 1.114050255561988695e-01 1.593297821710024792e-02 1.501739479925986998e-02 -1.431383509342265721e-02
-3.177014762674884585e-02 8.887927931473738052e-02 1.780110533950919338e-01 3.255350392902314760e-02 2.780725362621603095e-02 -3.151017064549542501e-02
-2.427669474523331747e-02 1.080226497122667717e-01 2.154856587677588253e-01 -1.290564030195810209e-02 6.081608474349479466e-03 -3.796688707277909303e-02
-5.884732098932861366e-02 3.983905440851677471e-02 2.001898571175054486e-01 -1.892615340172212066e-03 1.653178383085615252e-02 -2.646017050232489162e-02
-1.162478624193380161e-01 8.073767744119814127e-02 2.049530150938940198e-01 7.559550708858170029e-03 6.454791371917459157e-03 -1.571929016790029818e-02
-1.607766796584868541e-01 9.049762082811130259e-02 1.709863872182287581e-01 8.053065770070222743e-03 -3.463955489455963939e-03 -5.770396166851788494e-02
-1.068256045842542190e-01 6.722125594408301374e-02 1.695538385641826018e-01 2.529109098317365231e-02 7.175340324661277566e-03 -1.216856158557460751e-02
-1.152277439234739020e-01 7.115677235021949931e-02 1.835004631539245146e-01 1.897189351589897641e-02 -9.141289551790408863e-03 -3.460075139697731117e-02
-1.186082645514594941e-01 9.580546630422787091e-02 1.759747801802139244e-01 1.667842359140281686e-02 3.073347191524522081e-03 -2.956611604748198008e-02
-1.244904616801922603e-01 6.168447596888583517e-02 1.891916092427712304e-01 2.703161286538808064e-02 -3.470044309140360699e-03 5.312475999741223497e-04
-6.949725851015484124e-02 6.767983775224664655e-02 2.383057755902793784e-01 -8.918950888999048780e-04 -6.131231253167205957e-03 1.392197661579323842e-03
-1.036749072253927845e-01 2.307639174227859580e-01 3.127393562145467376e-01 6.240309524960006848e-02 1.165138520781811016e-02 -2.360266396406410054e-03
-1.307887922539251180e-01 1.774629185076331550e-01 3.391523093833522795e-01 2.132053162717258490e-02 1.088658667830057908e-02 -1.765991721990786342e-02
-8.214025240783298654e-02 7.711253156450123547e-02 3.465007110171844928e-01 -1.640004568080019468e-03 1.016158033368137238e-02 -1.523904256703991628e-02
-8.258101626829569830e-02 1.091650364851505101e-01 2.919096648297535568e-01 -6.723105391695905798e-03 3.417735370927261866e-03 -1.643973846994676788e-02
-8.871849732004713496e-02 1.301221574474976383e-01 1.671466106641252558e-01 1.001616759665852757e-02 -1.424329349497835233e-02 -2.415740841827888202e-02
-1.777764916786753191e-01 1.318614524189022918e-01 9.809225398041662713e-02 6.386775228372687518e-02 6.949190093673377269e-03 -7.126548422403757022e-02
-4.381681595181924349e-02 6.174781408818313944e-02 1.902774665335594251e-01 -2.658082058476881823e-02 -2.383475607171346017e-02 -3.958800460004942984e-02
-1.344762079417465561e-01 1.255625319442786603e-01 1.673829192531804122e-01 9.031041215702344943e-03 -9.255555580787324212e-04 -3.865596815279497001e-02
-9.852757777190501720e-02 7.523212752531785452e-02 1.708244372409470357e-01 4.870541876787867069e-03 2.212083314568661589e-03 -6.001488178780792909e-02
-7.857471538298511915e-02 1.382467700492768237e-01 1.606528829166114503e-01 -1.119593474379170124e-02 -2.844801536972952488e-02 -6.877771725339050513e-02
-1.151721385592451297e-01 8.478196748247615600e-02 1.922828215072748814e-01 3.711770737238604453e-03 1.555848828396301509e-02 -6.656866464726172994e-02
-1.719899923144443676e-01 1.359939868029731158e-01 2.268203454048098033e-01 -1.051801036425217481e-02 7.830743720332343505e-03 -9.461598499169342202e-02
-5.781192509443645877e-02 2.557998623439418640e-01 2.111565605700411186e-01 2.061495935720629794e-02 4.428008962214319901e-05 -3.555741465271713281e-02
-1.408498617217520676e-01 1.664987746259598556e-01 2.437888520796881453e-01 -4.438272948089551362e-03 -8.420003684863614293e-03 -7.279320020344894060e-02
-1.893733483453089450e-01 9.846116111002904681e-02 3.690722275127965024e-01 -4.151306921454690768e-02 2.520656089972391281e-02 -7.751938406415233296e-02
-9.302475348983499370e-02 1.242500805643536183e-01 2.600337630117742771e-01 6.780250983578175322e-03 6.806085472868074471e-03 -4.717976641744318217e-02
-6.907623366173457069e-02 9.587235168824491394e-02 2.622532629269112014e-01 6.134649893984565894e-03 -2.377050895382797416e-02 -3.208526142559683242e-02
-9.909126707308733850e-02 1.928366378380299284e-01 1.969976464031783503e-01 -2.114792025454454924e-02 -4.869455855429601771e-02 -8.733224640537258499e-02
-1.810973019173102438e-01 2.108576168754973668e-01 2.701653636985972273e-01 1.494111647329236271e-02 1.053766535477745209e-02 -9.054536612387882599e-02
-1.541261803673847630e-01 1.309815695535980762e-01 2.673307656131985732e-01 -4.543502710274022888e-02 -3.187925744356069624e-02 -1.158755941068338041e-01
-1.599063157391910073e-01 1.948051257061155783e-01 3.207805974272599503e-01 -1.827696378322510654e-02 4.459682130531434502e-02 -7.454093274395209856e-02
1.225690081670638930e-04 8.000522388621149339e-02 2.897096233985345104e-01 -2.393977120896306765e-02 -2.726422453800513013e-02 -7.696752044705004736e-02
-3.395449487191187221e-01 3.939498986777246747e-01 3.613202943320731331e-01 -1.092838378787812925e-01 -1.094245106732882021e-02 -1.909502166490368580e-01
-9.893801374841154628e-02 1.212530686149522335e-01 2.570377956389693352e-01 -7.114520072377992317e-04 -1.842889157755045254e-03 -1.009012746104362562e-01
-2.745205358863771206e-02 4.340530200061751276e-02 3.355651675242100063e-01 -5.260373596237675337e-02 1.435898499897488370e-02 -5.276686029117136356e-02
-1.210008690758717365e-01 9.814486608638900433e-02 2.558551375786006221e-01 -4.153089399635871704e-02 -1.568367249426666846e-02 -8.898061686907897394e-02
-3.529686065374804116e-02 5.006868949402151769e-02 3.329832308531021079e-01 -4.027351963012540392e-02 -2.336720876080069023e-02 -3.117271629353645865e-02
-6.154741599857169732e-01 6.381997360298969912e-01 1.890984964576599703e-01 -4.940162301949505876e-03 -6.871903275911733777e-02 -3.560122871043062687e-01
-1.866017752701018273e-01 6.965387879233317370e-02 2.407645301819825168e-01 -2.333073083562951875e-03 -2.137470026399191855e-02 -7.503808245494779372e-02
-7.357251619467440606e-02 7.507041340509316985e-02 2.231712452504208133e-01 -4.795571273599925910e-02 -3.229730490568894635e-02 -4.408467065686572789e-02
-7.734014218159718235e-02 4.078963857655584085e-02 2.763137068716735589e-01 -2.668123085417938717e-02 -2.500356994080766507e-03 -8.614147379434312912e-03
-2.099366478970962901e-01 2.776402419819940515e-01 1.769485415821498708e-01 -6.563843830901266996e-02 -6.576235635234829735e-02 -1.779080667044771469e-01
-9.274554952005042985e-02 6.187856160633403713e-02 2.994084724200765657e-01 -5.538949827456278452e-03 -3.386667705281237728e-02 -2.581627419110968380e-02
-2.302360715836341831e-01 2.683108617386010808e-01 3.753673628255649319e-01 2.711928337362589161e-02 8.413736515880117922e-03 -8.037629099919069153e-02
-1.689502920261591323e-01 1.243571636003614200e-01 2.650961527103699589e-01 2.865157149348159654e-02 -1.080222310041007230e-02 -4.901315048046570033e-02
-1.819875384866666279e-01 1.956497053954261156e-01 3.844764305285585659e-01 -4.250629876059077578e-02 -3.011953653380976606e-02 -7.347327402064664226e-02
-2.500850121391917646e-01 1.786001141891427335e-01 2.825236661964133367e-01 -3.626245291812218302e-02 -4.602618738413203486e-02 -1.041359573874182792e-01
-5.433617849693581636e-01 3.386994513238539284e-01 1.014923947239953911e-01 -1.260414096870544620e-01 -1.345970532587331403e-01 -2.710927822965638612e-01
-1.616466209044928881e-01 8.942216419625037549e-02 1.712630140843031668e-01 -6.701383427176436924e-02 -8.678835059853566569e-02 -6.168313742675751027e-02
-3.560046299457252927e-01 2.710052522845636247e-01 1.865608348957203400e-01 -7.613540997209737593e-02 -1.263810840143641256e-01 -2.106309400107028162e-01
-2.588168383261217897e-01 2.092042713143213439e-01 3.399585695800464991e-01 -7.320853970489243912e-02 -3.930269199110474759e-02 -1.147298020510859329e-01
-3.013917314679953607e-01 1.748018648737195146e-01 2.768895427269719156e-01 -5.281243620684151346e-02 -2.661503843406125280e-02 -8.813620537309883873e-02
-2.702602363516404815e-01 7.674146250666995239e-02 3.046937026079087341e-01 -1.407947135663930802e-02 -1.234493188817352427e-02 -6.871117711402142947e-02
-2.843524844250953643e-01 1.791225293802136131e-01 4.185255266222960291e-01 -2.487724126793571799e-01 -1.359836139911150266e-01 -1.601804935038934063e-01
-1.728963249945224268e-01 1.081506111259163960e-01 2.600905073282309132e-01 -1.408929498423543668e-02 -3.459405727293096006e-02 -4.623448500307575371e-02
-4.061506177416359664e-01 1.601454731563324019e-01 2.802593216973052193e-01 -2.188442875577884666e-02 -4.704430776073712656e-02 -1.186445570112602821e-01
-1.928055203788820449e-01 1.696754295945330226e-01 3.385934022666228227e-01 -1.368291211370645070e-02 1.523550590219642682e-02 -3.636604636782130723e-02
-2.892343235121701550e-01 1.878103550991547244e-01 3.812272087945146049e-01 3.749040088468360166e-03 2.841420603493436097e-03 -6.680601990617716923e-02
-2.292011213878389353e-01 1.517371996204756046e-01 3.235352121178953766e-01 -4.426428500790086790e-02 -3.844646127669659047e-02 -6.740898178453406941e-02
-4.262407123850675550e-01 4.141445979096752827e-01 2.841296802011559763e-01 -3.514795210090502359e-02 -2.687242068826946328e-02 -1.784438222937851648e-01
-2.338623991166748350e-01 9.230521275883758758e-02 3.646454756842233969e-01 -4.016859882627279998e-02 -7.719074348002871559e-03 -7.118080076784831511e-02
-2.344012057055513409e-01 1.855955591282223149e-01 4.050714268881161484e-01 -3.253512880066108948e-02 1.021303517722765841e-02 -8.417335373569821699e-02
-1.864422560988166500e-01 1.531178352153597655e-01 4.125121560199619952e-01 -1.145756860368280922e-01 -3.039145037571929636e-02 -9.633011581401867973e-02
-4.411124784134043963e-01 3.177717260062963844e-01 3.006031431846150070e-01 -4.657695327981704880e-02 -8.182942194770147226e-02 -1.703122419899292528e-01
-1.742825498529548267e-01 1.948824082527257362e-01 4.497428276928637225e-01 -4.971188842427618632e-02 -1.002777063678402490e-02 -3.141182844658805401e-02
-2.175559717626659728e-01 9.633149275319452531e-02 4.115559391936758349e-01 -2.809087909370916111e-02 -4.425669350295567857e-03 -4.800347050996222470e-02
-3.159692675062518163e-01 1.723829932893083672e-01 7.982042275412997157e-01 -2.027474267895977844e-01 2.568425263891248745e-03 -1.348743147025736333e-01
-1.952617687841924077e-01 8.856041620274540671e-02 3.838242971221695887e-01 2.942970594829730571e-02 -1.306609571676863556e-02 -1.715780473407188533e-03
-1.698030554048148288e-01 6.060058527340004414e-02 4.427197838905317928e-01 -6.868014275155241710e-02 -5.748527131537466139e-02 -5.091362094727695103e-02
-2.547942703326931402e-01 2.631851217876680082e-01 4.352444152640376762e-01 -4.053530512053047166e-03 -1.596482721297562066e-02 -7.954823361640250834e-02
-6.473647004884020006e-01 5.733794250894754807e-01 5.532884342240498299e-01 -7.907917885831294846e-02 -3.629389578460191779e-02 -2.325394515900857384e-01
-2.156143463975034591e-01 1.266486732373294233e-01 4.059038573139803763e-01 -3.936612467167639046e-02 -3.008305598552080129e-02 -7.108568646617108300e-02
-1.960336038630485778e-01 1.299811780852966614e-01 4.779217447850440670e-01 -4.892067908226029049e-02 1.338827174182708954e-02 -2.799562206023280264e-02
-7.772297480506118461e-01 9.587388592941225030e-01 4.236430759316520134e-02 6.970759489431173350e-02 -1.364552535517983556e-01 -4.176091077733135593e-01
-2.260571527428021366e-01 1.809334843333857967e-01 3.988895791247080158e-01 2.802108922309283490e-02 -1.331202390525334026e-02 -5.705799670829615755e-02
-2.204697166949264320e-01 1.445068070275951910e-01 3.846473261424447898e-01 -5.176763699170979643e-02 -6.233320018436191989e-02 -1.113785285129706010e-01
-6.876224475953922610e-01 6.905601815373351160e-01 5.112816634601851096e-01 -2.151409273284985990e-01 -1.692557146858177097e-01 -4.328324921643100787e-01
-3.016548566208713256e-01 1.879646972787842318e-01 6.192071033320831752e-01 -8.835976963120707739e-02 -5.667701730186616715e-02 -1.225388930513415520e-01
-5.506673306489024977e-01 4.178028130559920950e-01 3.808154970350370316e-01 -1.131185485167999910e-01 -1.260408986769779027e-01 -2.907275152985449584e-01
-1.963300846844044933e-01 1.306122273348128693e-01 3.129348956844881791e-01 5.005140383170449299e-04 1.141950290815026657e-02 -1.983567451575408633e-02
-1.844541036644408716e-01 8.276526066874412280e-02 4.311536204546676521e-01 -5.511739896645077158e-02 -1.050694671616121895e-03 -2.598052203091119269e-02
-4.796313660360352893e-01 4.419160666759626155e-01 3.471984621959980921e-01 -1.493963578040857221e-01 -2.000897423038489886e-01 -2.509852674221156876e-01
-1.849466855134817567e-01 3.834222728348253562e-02 5.166143786120027670e-01 -6.892284431960934987e-02 -6.257442167657011056e-02 -4.500118382311503462e-02
-2.745907504917356468e-01 1.359953632530670198e-01 3.708292461260518369e-01 -5.260147417547341581e-02 -7.916110977985568731e-02 -1.227754345601181907e-01
-1.829434404495203226e-01 9.546401812239364848e-02 3.549970952249894562e-01 -5.064514451388264782e-02 -1.268353001742348468e-02 -9.155314930525107475e-02
-2.285576752381225929e-01 1.365249935782093804e-01 4.161028683083032309e-01 -5.139887096456040999e-02 -1.786516841795289870e-02 -4.530452405727625892e-02
-1.983560578063005564e-01 3.985646114009883112e-02 3.805186544212160182e-01 -3.057881286900887563e-02 -2.090864102276056638e-02 -1.863047689740060173e-02
-5.120761131511532005e-01 3.818037738731666630e-01 4.344036421948759830e-01 -1.360664305299724881e-02 -5.126274556795265558e-02 -1.573171823892113574e-01
-3.167043036754384477e-01 1.329629747184163380e-01 3.689105879138330213e-01 7.784787713291776816e-03 -4.879484359982291797e-02 -8.168176032115526120e-02
-3.007144650912839667e-01 2.088137930228006756e-01 4.594563957430100043e-01 -1.676937983405677726e-03 1.707881481757863792e-02 -6.989435201295376987e-02
-2.512726262997465043e-01 2.845207508308181255e-02 5.136896713949783422e-01 -4.844512585073529332e-02 -7.058876733788799207e-02 -4.339278682103207135e-02
-2.655588905409140832e-01 7.633707478525129930e-02 4.767626034506795563e-01 4.497774584419080360e-03 -2.292783974183509876e-02 -3.702517845995172141e-02
-2.589385147320529268e-01 1.920057057803029876e-01 5.204273048103793542e-01 3.228953020636056784e-03 -2.933098436345844828e-02 -4.366286736449700306e-02
-2.902009511081150017e-01 7.077251162420716835e-02 4.911838635814979037e-01 -3.929941833210787161e-02 -5.108108620762174396e-02 -5.495234206140271749e-02
-3.277587618229299560e-01 9.860818536185450567e-02 4.484984905544295297e-01 -5.770144530147968548e-02 -1.228594873447606123e-02 -3.822355255845059224e-02
-3.249908358508927231e-01 4.894382721096934841e-02 4.236930168213079995e-01 -9.317249821629795120e-03 -2.586941938685202377e-02 -5.144263502762386892e-02
-2.789070812314911607e-01 8.219369887924198037e-02 5.818113604353086776e-01 -2.325339318567745152e-03 2.398253773399118549e-03 -3.569246923308950353e-02
-2.097422084904787265e-01 1.297990555534807577e-01 5.676289493260032737e-01 3.719608582138011349e-02 -1.662102145789499247e-02 -1.813857251871001108e-02
-2.832723734475283139e-01 2.082416427593808406e-01 6.519358444970151378e-01 -5.241381596001074700e-02 -4.029734378136599210e-02 -7.926553220674741052e-02
-3.381131524228504492e-01 1.624052378283136200e-01 6.666392421909850263e-01 1.186359155894752861e-02 2.599666810502437517e-02 -5.430297531620981860e-02
-3.379759531938087425e-01 1.787686661266990051e-01 6.137083841409972651e-01 2.905923669516829316e-02 -6.873796311952467056e-03 -7.423734119576191892e-02
-3.954743815717631228e-01 4.660645432643285846e-02 8.353612230759634993e-01 -6.393974978695285416e-02 1.842391915385199405e-02 -4.467129610621792257e-02
-3.000392867603203229e-01 2.183058689358374216e-01 7.154043905605860232e-01 1.643164434100474747e-02 -1.334127233831286508e-02 -2.896170838190812932e-02
-7.864178218385233787e-01 5.129203081096955774e-01 6.642280598776986178e-01 4.425189392905610336e-02 -1.437202560386918737e-02 -2.497805723159155222e-01
-9.256965938421531925e-01 7.210238150397951795e-01 6.322339398246009656e-01 8.091486119523143283e-03 -7.013211854783964194e-03 -3.642604699042873428e-01
-2.617881275690705500e-01 1.650459555734644645e-01 8.512936414516969474e-01 1.347768983109973347e-02 -3.770001614890054753e-02 -1.427185333395498967e-02
-2.715961640668890231e-01 7.242208907997629841e-02 8.138992520707274414e-01 1.475944391674290264e-02 -6.392417110361130889e-03 9.087486677727289741e-03
-3.100543419120812549e-01 1.570285033324396173e-01 8.218716657779503443e-01 6.835409291313259729e-03 -8.959717391560635333e-03 -3.366220591981455151e-02
-3.649100720040587276e-01 1.009083210691861382e-02 6.058424210600262816e-01 -4.755369032439420683e-03 -1.650184989469294719e-02 -6.623658973488470714e-02
-3.157976576320723483e-01 3.400399302038153992e-02 6.530943775001366580e-01 2.315808921676297538e-02 -3.348827284801539350e-02 -6.705665566012956533e-03
-9.328446518181112701e-01 8.715194716041039236e-01 7.131906573923426640e-01 7.276501741590664374e-02 -3.145337060623142750e-02 -3.520096299262915340e-01
-3.801683307210317331e-01 2.003873887538056703e-02 7.622876563679812367e-01 -2.695542293133256634e-02 9.544405703955904582e-03 -5.878943473814297882e-02
-7.918978088093567846e-01 4.784565544187321939e-01 8.167213211829753572e-01 -1.088420654110130656e-02 3.049940645036083517e-02 -2.587192941796083168e-01
-3.465016661796225805e-01 5.911919067987106424e-02 6.680798900983103694e-01 6.107196808373237772e-03 -2.239009418718211717e-03 -6.783157434495806770e-02
