-3.076789864801997981e-02 1.772465923416024006e-02 2.469677536761158507e-03 5.699753864340960895e-03 1.719144213455931283e-02 -1.543504088517373002e-02
3.712095920626298784e-02 1.177508998224708614e-01 1.421474204604239455e-01 2.458904925385251017e-02 1.174326929541345647e-02 2.022017462418725098e-02
-5.387449543562271986e-02 2.869913554383429072e-02 1.425926053451578301e-01 2.727540320822397293e-02 3.965847691882993381e-02 -9.470765739295191818e-04
-5.226470038251237321e-02 1.255842759303504585e-01 1.551496878977257632e-01 6.377826187795941626e-02 2.902597865135444349e-02 1.772512198305739931e-02
-3.403334000865875647e-02 2.396512264292256777e-01 1.958844403890188102e-01 4.028962724174097593e-02 -1.281829108387241411e-03 -3.385587126741867320e-02
-9.770093772363134046e-03 -8.897896807758612359e-03 2.642310712158091324e-01 -8.519939477450486076e-03 2.531960691712393033e-02 1.329728069189825904e-02
1.347890589546372683e-02 1.078921167527494840e-01 1.164669473952760076e-01 3.059305919653831224e-02 7.764668117306468970e-03 -2.496612550288821505e-03
2.848515028835782101e-02 2.370882716502800136e-01 3.392999498331928931e-01 -2.481541901591851826e-02 1.019715856141745203e-02 -8.279550205554268155e-03
-4.127319286774071283e-02 3.466890477139111804e-01 4.997863016498310662e-01 4.201766156265626662e-02 -3.912706695199491026e-03 2.513874048945268554e-03
-2.662093222550274141e-02 1.825644948054413463e-01 5.118652867022601693e-01 -1.036494247541929273e-02 -1.473188137801907313e-02 -1.283507083069547298e-02
-4.022819256641217006e-02 3.484167821754833444e-02 3.301037363074229014e-01 -7.067177013054204426e-03 1.066914430700073753e-02 1.311591858978193234e-02
4.136907393020686219e-02 1.945907435056094814e-01 1.741808959661083900e-01 2.370244611305406118e-02 2.954589841383199744e-02 -9.887358602773777677e-03
7.800570956932437183e-02 6.055846829169450607e-02 2.361259754239543318e-01 -1.963857898822283371e-03 5.852294078473937490e-03 4.074759923719668137e-02
2.248045171357151290e-03 1.264797422326438547e-01 1.989065492116824929e-01 2.397965388137345694e-02 7.809476940766666049e-03 -4.547068700907851320e-03
-4.446082335748979819e-02 1.363422177542495672e-01 1.245295745236186802e-01 3.791851669877875988e-03 -1.228240492963098701e-02 -6.433999830412127224e-03
-4.112326076711359663e-02 1.234496115214589740e-01 2.091880247896264478e-01 3.491206002952763204e-03 9.581318940232390335e-03 1.466906450477528656e-02
-2.680303865740714733e-02 7.718590691516505342e-02 1.990171366485746218e-01 -2.096432079126796938e-02 1.632826436323641913e-03 9.168204655748232084e-04
-9.832967171454573552e-02 7.200300399098139015e-02 1.533954931403317401e-01 6.010364555466117531e-02 2.292188964387472869e-02 6.839965763497425806e-03
-1.276709684876365380e-01 4.450276088473068686e-02 1.648947530862219790e-01 3.090469297268363599e-02 1.131242534864153673e-02 -1.649274777888248833e-02
-1.379931663089851712e-01 1.942767512616069489e-02 2.055038016491063102e-01 7.323569075928774595e-04 3.069254559027743967e-02 -1.135096406667073649e-02
-1.128821443004654201e-01 -1.074387267905124732e-02 1.796599729201798223e-01 2.382575924838309291e-03 1.330174512978499722e-02 -1.150769039696395747e-02
-5.375036664167840567e-02 1.210244395741465195e-02 5.496457297416831866e-02 6.713833773457808518e-02 2.472832060004907101e-02 2.478557951267613448e-03
-3.495921529529403410e-02 2.695574014733092411e-03 6.656084207991147528e-02 2.134437916824847431e-02 4.657615989926717354e-03 -1.089734416712406437e-02
-1.120544996764367141e-01 5.521309177556488201e-02 1.308081344097501431e-01 2.251771563716327071e-02 4.937842063465881087e-02 -1.481608634382275934e-02
-1.234575957614813813e-01 9.647844444632731886e-02 1.167176627000410249e-01 1.387963404400773329e-02 2.173910345447527953e-02 -2.041098061732783686e-02
-3.967558174760424383e-02 -3.066417997213215230e-02 6.826678729127023948e-02 2.049914774992374344e-02 -6.477411386530802784e-03 -1.249354916668029072e-02
-3.635858177210931318e-03 5.845516287119372628e-02 1.137380558245841000e-01 2.455991841944493367e-02 4.168804208614522444e-02 2.669853209748156153e-02
-4.976341375433615544e-02 9.737889334540780761e-02 8.785493903802603366e-02 3.634061912198813249e-02 1.977600808022573001e-02 7.658259887792736621e-03
-9.814352722034878906e-02 5.673521612240139955e-02 9.043077146052862225e-02 6.143591597931079284e-02 5.244088855585659487e-02 -5.769654153009371594e-03
-6.017119972035434028e-02 1.343567971572064979e-01 1.053646341416520082e-01 5.682588150112035351e-03 -1.981989151474700811e-02 -2.425659283550056500e-02
-2.523784595797146785e-02 3.755039043293964540e-02 1.324971989667267369e-01 4.447021920549465435e-02 -1.520819036511944326e-02 3.183009553856375878e-02
-8.744951550786862760e-02 8.846629792079160892e-02 1.548185424908199437e-01 5.459194832815890408e-02 4.393903006771909120e-02 -6.993971958362870701e-03
-1.314030570192281644e-01 1.956105846262918002e-01 4.198726118111008321e-02 5.813484104400142016e-02 6.159012607942391908e-03 -2.957295717440319369e-02
-8.266230184161817152e-02 3.550370278638764060e-02 1.557667859628812379e-01 4.857687478193907504e-02 4.241205640434205643e-02 8.381300772105533536e-04
-1.678087098527878962e-01 1.415027566261927994e-01 3.166284719706085049e-01 5.505028125403232421e-03 6.564621803100875730e-02 -4.152475324546329311e-02
-1.874193470888130264e-02 3.649330840771890239e-02 1.482474157978937723e-01 -1.401059035373006419e-02 -6.726917574777255097e-03 1.973161160200850167e-02
-6.182736728429456818e-02 9.171491880453679080e-02 1.987634580127429773e-01 1.251208512200324349e-02 3.172931839798026621e-02 -1.438720402146191450e-02
-9.786138335494579121e-02 1.172428741612639436e-01 2.156573767575604705e-01 5.670623162298962100e-03 3.577701109694846060e-02 -5.432758813707139894e-02
-4.707753446730245095e-02 8.188382877485486655e-02 1.396287046696624012e-01 4.238956327219507020e-02 2.020165297290162434e-02 -1.724348533773328515e-02
-1.368119292965293832e-01 1.002326586556980537e-01 2.037805999369777521e-01 2.455509501503267203e-02 1.930711421601842906e-02 -4.079552075941840494e-02
-1.103596847525047941e-01 7.780659537172324169e-02 1.799196652747835357e-01 6.768615759006189241e-04 1.379183454926953892e-02 -3.180914819374005414e-02
-9.208560786526930053e-02 1.484916561759279663e-01 1.757803668010467779e-01 2.180293354673835948e-02 6.914581379430631385e-03 -2.937441528679201122e-02
-2.074762613739559308e-02 -8.416218890374981693e-03 1.878255156238204382e-01 9.429449945440477113e-03 -1.279042670494901640e-02 1.756856770318899336e-02
-7.704376556798198106e-02 2.533068160332775653e-02 2.307730139766288879e-01 2.459160413349863726e-04 2.230827372732720193e-02 2.563289444280584042e-02
-7.941988793185572604e-02 1.166206222659760955e-02 2.430978702078278320e-01 1.560912858919102052e-02 2.255441835773050463e-02 1.112467660823770327e-02
-1.036078574649546002e-01 8.389376021035196973e-02 1.816623699582823603e-01 3.622379717054387965e-02 1.017989249732050537e-02 -2.135632417558586127e-02
-1.546165502590221008e-01 1.238052408851914865e-01 2.798385766869085356e-01 2.771417818909878254e-03 -1.413415974597769789e-03 -3.933681394159348893e-02
-8.725667655366728392e-02 4.217180469607624549e-02 2.945965728441252707e-01 -1.768533925018345165e-02 2.449048187424520545e-02 1.700655069303224839e-02
-2.177365464675635326e-03 1.115198857331667903e-01 3.996876201015238106e-01 1.760511388813703216e-03 9.358694234034034207e-03 4.254478739328581421e-02
-1.107463114306379698e-01 1.861352738854469835e-01 3.150094890996853469e-01 5.681238475372706043e-02 3.038270417275081015e-02 -2.000647842816207639e-02
-3.552326665407264106e-02 8.896135477264548175e-02 3.180716409228642738e-01 -3.044824043445418932e-03 2.708061314719357668e-03 4.925824695044092247e-03
-9.805330004740361871e-02 1.640902854451654624e-01 2.788328092569620775e-01 2.204570801260832824e-02 9.698934437360704278e-03 -2.075636939503219119e-02
-1.637532699050530949e-01 1.187878986774521251e-01 2.773376788576408236e-01 2.168225598626407746e-03 2.555126214306161631e-02 -3.943069599331511244e-02
-5.764948524868053481e-02 8.411818693238951039e-02 1.363483004288520428e-01 2.709674445347086402e-02 -1.265299338331685348e-02 -1.594499775757673293e-02
-7.366847087070102496e-02 4.351993156148796504e-02 2.167089754595409312e-01 3.922415523816650922e-03 4.051282060571505944e-02 -9.151755433862580544e-03
4.179586342481150796e-02 4.578604751360110421e-03 1.937038182272056430e-01 -6.045444050942044498e-03 -5.230490266446997244e-03 3.481873787253866870e-02
-3.038855616411595406e-02 7.034452308649506713e-02 2.664794086520655969e-01 -2.423195434646714663e-02 1.461110530147597709e-02 -3.188548105444431041e-02
-1.720432067512697033e-02 1.571409210849908367e-01 1.529473027580823263e-01 3.292655955054462485e-02 8.754923686995872908e-03 -9.092783217290276165e-03
-7.178141140488032527e-03 -2.640093410860828299e-02 1.811075675520822936e-01 -6.188684947004299483e-03 -2.722369947438381312e-03 3.486479158057213812e-02
-2.222188710390035973e-02 8.023900454526450288e-02 1.218994050110630556e-01 -8.603645702911080079e-03 -1.977108711157280971e-02 -2.482834003540303203e-02
-6.950964337141204985e-02 1.415848785477057947e-01 2.322886378572394106e-01 3.923223344198040891e-02 1.179490751139375057e-02 -1.554843331044247941e-02
1.200161285834312058e-02 2.467008739160311132e-02 2.372742276044043086e-01 2.891251441853926948e-02 1.192104072330442237e-02 2.355800274559900417e-02
-9.809177783816264151e-03 3.060405380439473050e-02 2.308942390479029050e-01 1.772048526757266651e-02 -4.220327860192578905e-03 -1.173603258468150848e-02
4.058002050550985063e-03 3.545870098139906890e-02 2.538868633892369386e-01 3.957503364549658925e-03 -2.398000702655863573e-03 1.644601006404053378e-02
-4.241809070143489485e-02 8.183513181002863290e-02 2.731920448752744868e-01 -1.987313092508911222e-03 6.991351352774453562e-03 -2.043715358335426377e-02
5.129844958425562595e-03 8.559516410921645668e-02 2.354915499836103543e-01 2.077496647310239988e-03 -1.989464111581941766e-02 -1.820764183193310584e-02
1.101428585787613684e-02 7.820294378956818560e-02 2.632679326118276819e-01 2.815250045463211712e-02 1.804365537476820824e-02 1.733954518638364944e-02
5.971923077884661035e-03 -2.906682063727945853e-02 3.201858180411946697e-01 -3.491819486008761186e-03 9.049558010246835579e-03 3.651266078986358660e-02
4.634237029649385109e-02 1.058733058968392843e-01 2.898546212954278278e-01 1.931918138981669059e-02 4.903982355973461951e-03 2.594403204510574781e-02
5.143093014100966198e-02 -1.154626847538773038e-01 3.340097196128646306e-01 -6.798667785865930048e-03 1.611062829089504600e-02 4.872526400324538043e-02
-1.538913985727777267e-02 6.242238247217650471e-02 2.221976820932118346e-01 3.148338065681933334e-02 5.045950458744136863e-03 -1.229979912632034843e-02
1.159211685153588300e-02 -8.425610328094074175e-02 2.302632183126288590e-01 3.257269808203444583e-02 -5.871607011460571249e-03 2.828864025108823385e-02
-1.013041380963544125e-01 6.527297668481737980e-02 2.404584558281002982e-01 2.642465149692461643e-02 1.968382465073099941e-02 -5.498447672591711549e-02
3.927832220780645700e-02 -2.761090759989204280e-02 2.424357385919476138e-01 6.629204248451075338e-03 -1.331664298282731439e-02 1.399920326201239615e-02
-6.305601190049078819e-02 -4.764592666965047907e-02 2.483849898692397085e-01 1.135773278340549385e-02 -9.388769180374362949e-03 -9.793467262150884478e-03
1.498131383486107915e-02 4.299774555762641420e-02 2.336253092100443740e-01 -2.484660251266564146e-02 -3.568081389797767705e-02 -3.051863416519076319e-02
-1.851666178019475417e-01 1.094367516111569294e-01 3.061396157964972886e-01 2.078527199811538301e-02 2.350353081404115557e-02 -7.999054393479398950e-02
-5.183728692400304400e-02 3.907110668477113691e-02 1.933272751120551913e-01 -2.315540492360055810e-02 -6.588537393933804887e-02 -5.628829088757764110e-02
-5.619753073812416844e-02 9.198837343621561399e-03 3.005381353417158063e-01 1.691253932883425440e-03 2.229687526993266028e-02 2.890904399191526059e-02
2.240357246063647001e-03 -6.565926258533837101e-02 1.377043978447095862e-01 5.026090760667595997e-02 -2.650892148028989245e-02 2.245555123057552810e-02
-4.461183601674562071e-02 4.639864251495802103e-03 2.629708049068117948e-01 6.647562095216466745e-03 -2.861505583557773583e-02 4.662609069499938641e-03
-1.259781525013562997e-01 1.385824606316974072e-01 3.954183786655006694e-01 -1.592075610345295572e-02 -3.027798529233961811e-02 -4.107952191939050895e-02
-6.602090371134540503e-02 4.427876678543903044e-02 3.910738653206934368e-01 2.857667685059932239e-02 2.040906469351063887e-02 2.282421054425555831e-03
-9.102279455352407789e-02 2.102779159040046864e-01 2.603432481549765587e-01 4.041404209957745811e-03 -5.442262365393703283e-02 -6.428397528490047141e-02
-9.577881029146642633e-02 3.893655627644100614e-02 2.429627795924633737e-01 3.106493865176939220e-02 -2.110850514156840940e-02 -7.213329947279521412e-03
-2.165504396851440916e-01 -5.770846329904376001e-03 6.948830740951113250e-02 1.615548894135616573e-02 -1.872763490109871642e-02 -7.012879568043685341e-02
-1.819807915659890640e-01 9.634000772889150799e-02 2.758554965519359747e-01 -1.310919129359098406e-02 1.813194991176661107e-03 -1.852727762433973441e-02
-1.516387332196170168e-01 -2.437699202191543138e-02 2.223706196145315284e-01 -5.662683201286294876e-02 -8.610900534267193485e-02 -4.767196049186524232e-03
-1.667222827798974238e-01 -3.285170397687292576e-02 2.244977932777307283e-01 -1.597026215339803629e-02 -7.453608106393465327e-02 -1.130510872858996388e-02
-2.485150191781976547e-01 7.668754800781966974e-02 2.365470428441944495e-01 -2.204542642307749656e-02 -5.287719653594398495e-02 -5.239207131048192329e-02
-1.309462239903361469e-01 -4.177774709239402001e-02 2.740368505291441714e-01 2.112746026287742190e-02 7.680096935782993600e-03 1.054124292253684134e-02
-2.604276356623985711e-01 1.089725062017781188e-01 2.721528297232118643e-01 4.779258395126372364e-03 -2.217760407422704472e-02 -7.407487337208315537e-02
-1.975632330531248981e-01 8.256435772932504968e-02 3.199708992620642345e-01 -7.187041657468683578e-03 -1.222544636068974462e-02 -2.795925726007384912e-02
-1.705056203891489597e-01 9.191781833087493692e-02 2.882851111431019020e-01 -3.988916549041154024e-03 -2.703751011452873096e-02 -5.379215089474140982e-02
-1.895622128348033175e-01 6.165607128562229644e-02 3.357385189157708338e-01 1.253592329478395336e-02 2.433796428480161297e-02 1.632857523488626117e-02
-1.325296117419113573e-01 2.405219315247379523e-03 3.078520824832281511e-01 -2.483520163129194352e-02 -4.759221951156571845e-02 -2.206620479278307428e-02
-1.306486795539835433e-01 7.356668401488100639e-02 2.018505113832466669e-01 3.856962668841312086e-02 -5.003644792041903738e-02 3.640891083714950169e-03
-1.905045137276655254e-01 6.196659834945882073e-02 3.195760710751021083e-01 3.382260047906690548e-03 -7.151114300338294247e-03 -4.984925858426856454e-02
-1.486217256815253462e-01 7.219239435318305920e-02 1.785314406488559824e-01 2.748703301493857221e-02 -5.102796269461711692e-02 -4.824580364877175537e-02
-6.493561526727865962e-02 -2.040783654575405170e-02 2.686341439574613799e-01 3.187648649791935407e-02 -4.146712920982555291e-03 3.125942168905546797e-02
-6.279920577837191931e-02 -2.200718705478172527e-02 3.355561635373223162e-01 3.325061103190007222e-02 4.315699232355516696e-02 6.283608745371574433e-02
-1.438697360983287044e-01 1.078679801828345552e-01 3.819054962784265150e-01 7.924460185569297266e-03 -7.836955339517785030e-03 -8.915496129682235621e-03
-1.748953946838060353e-02 -6.264762590028555289e-02 3.062804454308211688e-01 3.282384296772369869e-02 -1.274329320541906820e-02 6.250461088248911168e-02
-1.871945670472895951e-01 1.345972754027826568e-01 3.660940795778013790e-01 3.558285941358439730e-02 -5.281697848378622689e-03 -4.600898887176405744e-02
-4.270608193768591493e-02 2.043481822833620454e-02 3.644392711482426495e-01 5.157642636989270835e-02 -1.028010037958381612e-02 2.795842809309221147e-02
-1.175905137176678772e-01 1.835890118864592913e-02 4.556125103415289979e-01 -5.535070022014781238e-02 -4.421438476863084888e-02 -5.173304226826340793e-03
-1.325019092276597532e-01 -9.186212400836986022e-03 4.061821485933302389e-01 -4.806116794728081121e-03 -2.604402654668188863e-02 -5.578181252003077024e-03
-7.400194195488071780e-02 9.940572422110857675e-02 3.844924492461456733e-01 3.594492331061312825e-03 -5.510625529863275029e-02 3.778758495500540455e-03
-1.287347827443136583e-01 4.739279565324994170e-02 4.742623430266433848e-01 -1.211523261099440273e-02 -1.324803892296692008e-02 -8.033528403405387069e-03
-9.367700931365596784e-02 -1.469230689288256522e-02 3.603414077313044084e-01 2.646671297798861705e-02 3.259122648808366988e-04 1.237582146433426587e-02
-1.500155899590559505e-01 8.030233745840802129e-02 3.569250581900237917e-01 3.318464485382682794e-02 -3.229327218532142968e-02 -5.228163688652976739e-03
-5.129118641934496403e-02 1.024933070764883769e-01 3.658710824538184969e-01 3.027841017826040856e-02 -4.500265072846945658e-02 -9.548751203729935119e-03
-6.921046204659760115e-02 9.969106631518280526e-02 4.352926859232927326e-01 4.296660018707282314e-02 1.975058106566928567e-02 2.055757524498099190e-02
-5.211609122472708744e-02 8.561078703306106152e-02 3.661177506833683259e-01 4.112795308940316724e-03 -4.358918478476600522e-02 -3.668624687269116807e-02
-1.551077682988079021e-01 1.164900322240176866e-01 3.829984492189613121e-01 2.449581009630229927e-02 -3.052635434101851064e-02 -1.902135554691616534e-02
-4.620037727448917941e-01 2.825221486398411530e-01 4.308625781950152778e-01 -8.274794778625711722e-02 -1.066306553285834846e-01 -1.683142235817194909e-01
-3.128043503584828078e-01 1.298798369808357722e-01 2.594317271591955465e-01 -2.158121030790273107e-02 -8.764451916358850792e-02 -1.124187592469724634e-01
-2.058167352410743001e-01 1.724561337838096953e-01 3.113349759124069971e-01 -3.899850508817445660e-02 -4.741848015191341137e-02 -4.921330750455982922e-02
-1.509069666812828392e-01 6.262630118118193978e-03 3.294666979980663823e-01 -4.014878614905507959e-03 -2.965858007605958260e-02 -3.534911235688433136e-03
-1.925506347444844168e-01 -1.921305981907540841e-03 4.663856786058813153e-01 6.638004838263754717e-03 2.133324752256218065e-02 -4.921245482925401364e-03
-2.103457260352279701e-01 1.328196337694769191e-01 4.852216757459399954e-01 1.786930290940630037e-02 -2.150863688909274846e-02 -4.208058411781923774e-02
-2.140434169595542002e-01 1.136865569527825970e-01 4.036347785602880101e-01 -4.319075740754754755e-02 -4.033117948753520837e-02 -8.018409184001440426e-02
-1.588125003226769083e-01 2.147907923032355351e-02 2.581947140861378109e-01 1.549989598405787823e-02 -2.463562429422377908e-02 -2.535295683073920253e-02
-6.964950445449080707e-02 -4.558233008811456849e-02 2.992571110149341851e-01 1.115438157500453671e-02 -3.391919492349005499e-02 5.992604825896896692e-02
-1.842044806220051734e-01 7.004409448196552423e-03 3.450540369473197311e-01 5.145889006831875188e-03 -5.708744499825349483e-02 -1.108176293625919018e-02
-2.909845812825962996e-01 1.081597833160816979e-01 4.284690243145616306e-01 6.254230432881791035e-02 1.417935743549401072e-02 -2.456867277224009452e-02
-2.507499445331706212e-01 4.870432442897683345e-02 4.231592702192497613e-01 -7.042798698488722010e-03 -2.442726003095062326e-02 -3.315602035299916595e-02
-2.511894272889982904e-01 7.635437945516196367e-02 3.748384778539448070e-01 3.199538328103913171e-02 -3.142647706426540677e-02 9.356074910240947534e-03
-1.660178910982566813e-01 -5.052601233541759163e-03 4.323942170827134723e-01 5.879601479681903498e-02 1.420537461103245185e-02 6.114925628531175245e-02
-2.222327915690223699e-01 -1.880821896217068148e-02 4.658839430934048065e-01 2.285279645161445577e-02 -2.885470787209437268e-02 3.780251875945950940e-02
-2.124309687806895386e-01 4.068963990989544338e-02 5.459560689071005779e-01 7.342180792578437143e-03 4.561614984829025915e-03 2.189640337875710732e-02
-2.816853058027171675e-01 2.241906851966751768e-02 5.876522326196077506e-01 8.440341704914033905e-03 2.865533026495798233e-02 -1.734586703089437132e-02
-3.722375832844707078e-01 1.254843684950264771e-01 3.680885629661927450e-01 3.743253955817182899e-02 1.540684661721895658e-02 -6.877319785016260123e-02
-1.959413861836681037e-01 -7.942469496845797061e-02 4.128635453479296835e-01 -5.352679361838807125e-03 -4.663006845872630368e-02 1.166869671608269758e-02
-2.556391930190915485e-01 1.194567234722404003e-01 5.497693669108878467e-01 1.968231888552171918e-02 -1.187136593599886526e-02 -4.160155426491888436e-02
-1.988045783139299472e-01 1.231641398709502344e-01 6.660635785319236613e-01 -1.390636680745187953e-02 -4.636253673112108488e-03 -1.822802303062027313e-02
-1.913114306992958480e-01 1.177305430570686623e-01 5.801395575601494548e-01 1.823607023789634851e-02 -2.594939454173894773e-03 -2.564535041376422159e-02
-1.877739760089904009e-01 8.916947521440642122e-02 5.710509792615843239e-01 -1.499170348834533151e-02 -4.981055342800740082e-02 -3.749514740094787857e-02
-2.767874665679670998e-01 7.117452892006939646e-02 7.021213384961410009e-01 2.359402752749126513e-03 -1.968156474367743422e-02 -1.536312967439071482e-02
-2.183395883544860805e-01 -7.440898225800268717e-02 6.771752616953855552e-01 -2.519299796580827880e-02 -3.473688298791083318e-02 1.531630049728676356e-02
-2.355684161068724025e-01 1.798326009002200188e-01 8.259277016584793962e-01 1.740960795092827418e-02 2.504958744725217096e-02 -1.175438476440647181e-02
-3.402544946531969594e-01 1.915434434249524420e-01 7.560452720528973991e-01 -4.448806542303312267e-02 -5.064935553130466006e-02 -7.042263504932051721e-02
-2.774020324718993735e-01 5.099495112664196445e-02 6.378552767516029176e-01 -9.597836652260832366e-03 -1.143189151921295693e-02 -3.369834438490076217e-02
-2.090780946137405505e-01 7.304133751549479747e-02 9.152042661251402755e-01 1.581935963824820587e-02 1.677343667247978287e-02 1.792412287391097897e-02
-2.508932263189994627e-01 6.426950588336946546e-02 7.752735601852300817e-01 -2.634999378284945404e-02 -1.395930047223382063e-02 -1.578905480454178764e-02
-4.537219162031492781e-01 2.161251436252432101e-01 7.342017291643665455e-01 6.127564998654701917e-02 -1.123146841687861289e-02 -7.918540224336205469e-02
-3.886191505451833117e-01 4.083454809125589002e-02 6.269254310266263452e-01 9.225462470008219222e-04 1.264762143459234080e-02 -8.446270344344067316e-02
-3.814229328243645689e-01 6.099088967065446204e-02 6.518562344642884199e-01 4.398450793985945323e-02 -1.952753962342139568e-03 -3.926716664122176237e-02
-2.804366509176188238e-01 1.928584578188334564e-01 9.115433833092092542e-01 -9.798679672158075102e-03 1.172348346849563615e-04 -3.320205415141941341e-02
-2.888328144134254538e-01 -2.903319389904513576e-02 6.499010856038193173e-01 -1.677895907300232942e-02 -6.435287801901181347e-03 -1.888143963370195189e-02
-1.855634339333999128e-01 1.761737523727897881e-02 7.488514593698661903e-01 5.801140174707120067e-03 -1.951481531643159059e-02 3.401119366086668983e-02
-2.752835578786383408e-01 7.073047042601681572e-03 6.711457360539274664e-01 6.005203194017638517e-03 -3.446236188969099574e-03 5.060946449623694374e-04
