2.860950853373796510e-01 -9.512453041305685142e-02 -2.671114383018590166e-01 -9.283537512167100089e-03 1.284856466166999465e-02 3.913796525706553925e-02
1.472872942095555526e-01 3.657105331046022617e-02 -1.532329398793015329e-01 8.354119145205075869e-02 2.579475501761368389e-02 2.729967140592741426e-02
8.451397551266451313e-02 -5.683528693064512222e-03 -1.369266873380421690e-01 3.954856306835593388e-02 9.306027472395346500e-02 2.286030065670660236e-02
6.285078210930028497e-02 9.612659849130622547e-02 -1.105017294205950518e-01 2.663031167269172203e-02 -8.332912952901446596e-03 -4.100679409105698406e-03
1.915153542726038549e-01 4.442714155461860437e-02 -2.878636485829799696e-02 -1.273420118760115217e-02 -3.062330157642962486e-02 1.698778578253248503e-02
1.886614683720462260e-01 7.870502625151057363e-03 -1.081263249960032896e-01 3.537885949227838334e-02 4.406168235544441480e-02 9.950449374162596838e-03
1.907417932957407580e-01 -1.028224808440261762e-01 -7.375595953841282415e-02 -2.796865519072178410e-02 4.204156214609675729e-02 5.367190152044709617e-02
1.455498993397682794e-01 1.029596416596283009e-01 -1.116794147261945293e-02 5.150059180157461058e-02 1.778724320235613998e-02 3.950940096859219264e-02
1.462564444044112122e-01 1.644535070143325617e-01 1.763020527545354210e-01 3.175392877831383943e-03 -1.529600358367557041e-02 2.463201364194390897e-02
1.194978739808399970e-01 -6.612468702755100458e-03 7.896098192420770989e-02 7.223393760404181463e-02 -1.025017399345565065e-02 9.699523019399897139e-02
1.389618276488713555e-01 -8.340942213495480817e-02 -4.106436271383098746e-02 -2.824861628535921786e-03 -1.022833050952263664e-02 2.667044347541933091e-02
3.320091143659460453e-01 1.798494862150113935e-02 -2.144495022058270639e-01 4.173856198398282619e-02 -3.285779956103053456e-02 6.823243900629896719e-02
1.204539234984088603e-01 2.749183856738841858e-02 -8.405337770513240936e-02 3.791420370607413715e-02 6.801481480326042328e-02 1.248952087119001818e-02
5.057181827115134892e-02 -1.437397414569637974e-02 -3.325432533047968653e-02 2.922369240062982695e-02 6.099255261428716823e-02 2.600403724484127987e-02
2.692941148678043572e-01 -5.426356314470828779e-02 -1.622006525218259165e-01 9.226362231949777892e-02 5.527710823652227934e-02 1.210509985222368440e-01
1.668760237816565573e-01 1.445929031648993807e-02 -1.937411754940230879e-01 6.578652019245880000e-02 9.373515865340209877e-03 1.674236576467155388e-02
1.620117035480428125e-01 -8.265954268615705036e-03 -7.205981865882843396e-02 -6.623521214481926933e-02 -2.117977147028902996e-02 1.835293408226188958e-02
7.032607425782499977e-02 1.068837143805530590e-02 -8.749616324408052148e-02 4.315734856970160349e-02 8.614677381550932267e-02 3.031284782849680282e-02
1.746197308974988330e-02 -4.881397724730103527e-02 -6.431762644076467750e-02 7.323198317091985862e-03 3.553160920539184808e-02 -9.849672945380458233e-03
9.751263586358957514e-02 -1.114040770472211617e-01 -1.556401858438381525e-01 3.494181268205127228e-02 -1.382918085797408582e-02 5.823018562143142049e-03
1.192772793025433514e-01 -1.171487140277727573e-01 -1.402584946554987777e-01 2.995675190010331848e-03 3.078804911322254381e-02 3.769235779799869068e-02
1.439827274070356045e-01 -8.057227181457957133e-02 -1.736030065900458497e-01 5.784440858022669996e-02 5.296880869357195598e-02 2.834317096487187770e-02
6.939786918700309448e-02 -4.884920595964704210e-02 -1.183197271805161988e-01 -2.771083951604720597e-02 3.293043539484973720e-02 4.161792173942641809e-02
1.352242073903051345e-01 -1.263234305245422850e-01 -1.836428277086476768e-01 -2.263249039396508788e-02 1.587517771197841446e-02 3.485818553380105184e-02
8.334099905312769563e-02 -1.091021834921401951e-01 -1.493118065307328102e-01 3.956663022312902761e-02 3.135265603425136521e-02 5.613993438552782045e-02
7.730811701110135159e-02 -6.539167216468533272e-02 -1.573229719433485718e-01 -2.972931542448716685e-02 2.036071154687997889e-02 -2.534197780516939894e-03
1.576402363217770941e-01 -4.044653062873038857e-02 -2.167406934366633842e-01 5.515337060547022274e-02 1.595398002506752053e-02 8.805406693133313589e-02
6.911216053711077834e-02 -1.194121903463186002e-01 -1.641940066614127336e-01 1.903487276985168022e-02 2.142987957491424705e-02 1.904503724355551279e-04
1.232265054962493611e-01 -5.810399267797351774e-02 -1.632388812427354174e-01 -2.041022635654897183e-03 4.455745495210297787e-03 -1.071715988332097753e-02
1.153495773529378543e-01 -4.026009921357423527e-02 -1.959831211925054384e-01 -8.156107630317514443e-03 -3.039318523196209154e-02 1.632148373436918126e-02
4.856135901385265352e-02 -3.226522739453251826e-02 -1.002665497312454218e-01 -4.465184562118326358e-03 2.120184165400361420e-02 1.856816574279343546e-02
7.028045849065861495e-02 -5.284627766003836824e-02 -1.044591969498391837e-01 2.227448552236364204e-03 2.609482389931563548e-02 1.460091595528139816e-02
1.180072433380134067e-01 -9.053373615071597102e-02 -1.463571607147008402e-01 4.781023310535400389e-02 5.815926703775071982e-02 5.321953742143135935e-02
7.934166860996386128e-02 -3.113278347855717720e-02 -1.624491874275607040e-01 -4.867317018684749405e-03 -4.269514018855594464e-03 -1.680963532937435057e-02
1.649994529543856170e-01 8.503961501901489972e-03 -1.481860973631936307e-01 6.553903145613233783e-02 5.876575667793177554e-02 3.549610873461327837e-02
1.977955958584924623e-01 -2.176463020673871998e-02 -1.090413282924555527e-01 5.976623953367531800e-02 6.653106734813692136e-02 1.125508495448990752e-03
4.518426497944063452e-02 -3.960689031251164033e-02 -1.266200119651122169e-01 1.242665093630715249e-02 1.995084903398717732e-02 6.993066148875587244e-03
1.031813961267723095e-01 -1.691284737798711552e-02 -1.618903441914186780e-01 4.637696405776604858e-02 4.535176866353682334e-02 9.938498923621563383e-03
1.127617505093187200e-01 -6.528633479634352033e-02 -1.488564875589093450e-01 -9.415751698125057745e-03 1.919660296500267510e-02 4.404578817673363705e-02
1.679375721303404401e-01 -8.332754099225203603e-02 -1.344142778679128236e-01 -5.655382943354576343e-03 -7.087223573254776247e-03 7.393781542118843531e-02
7.615965219669348918e-02 -2.106025956034359228e-02 -1.248085893594388235e-01 6.944683136536043688e-02 6.163119623804764330e-02 1.364684862914040259e-02
6.683204944418513760e-02 -7.671447652902646519e-02 -7.885493431378097495e-02 2.789403220555034674e-02 2.097101805884470441e-02 -8.572683200849442325e-03
1.264425934580003241e-01 -6.222405741257100442e-02 -9.162620280676912754e-02 1.000813622810766448e-04 4.634797150730168847e-02 5.244592193627579252e-02
1.011517765094668286e-01 -2.008888043654907807e-02 -6.551601873803683529e-02 -5.447579081966017443e-03 2.343589117903451674e-02 6.171174895456657539e-02
1.380982076036450235e-01 -6.186823692503964911e-02 -1.236784295142476509e-01 3.053927351771325641e-02 -1.164725612175757964e-02 3.592542531299255243e-02
4.719064201545282444e-02 -1.540263389034452271e-02 -4.805451826260440790e-02 2.488517424087865679e-02 6.121421550054269994e-02 9.037862045159408136e-03
1.266433057932690176e-01 -7.011000570004966015e-02 -8.162257082289950394e-02 1.014372287950932212e-02 -5.776433750976003043e-04 4.256892035422866344e-02
1.350665194510111133e-01 1.814268389219313854e-02 1.310441466212821648e-01 1.564671853426038289e-02 8.262467276890601842e-02 1.754459255438850854e-02
8.636715220661914105e-02 6.385880465005373818e-02 1.217202422029247666e-01 -3.337580903420838546e-02 -2.990164281507305677e-02 7.865841921797381633e-03
7.657234253899178333e-02 1.165765477602460354e-01 6.520818595168717535e-02 1.624927285223697060e-02 2.502993656633987346e-02 1.290768309974571135e-02
8.049098963689341191e-02 1.729038650696463827e-02 -2.876121740029849438e-02 4.299036403040260718e-02 1.522058516180681493e-03 -2.129857099995338676e-02
9.205912774509308893e-02 -4.657925760602668608e-02 -7.190681818781538212e-03 2.987720669532191453e-02 7.866644183553835046e-02 4.099541478381719950e-02
5.141720975554874007e-02 4.189006250641778839e-02 -5.284484394921735995e-02 -3.034893604824330862e-02 1.087189181108183349e-02 -6.617909306046288950e-03
5.316130720375328300e-02 -6.796115056232589907e-03 -1.008449203040571313e-01 -2.825476405414797249e-02 -1.891300819590105084e-02 -3.403323054205080467e-02
9.203385572651892610e-02 -4.481293581587780100e-02 -1.199911821809808155e-01 -1.919240450649220206e-03 9.961631610012389865e-03 -1.065780699882216444e-02
1.311442308497305642e-01 -2.326191683175475589e-02 -1.366508563448762259e-01 -2.860741592318823134e-02 -5.866530671123647983e-02 2.575007106773749901e-02
2.007382259632218835e-01 -9.256989821753604242e-02 -1.902953028939223523e-01 1.055432362671621972e-02 -2.322224060635211251e-02 2.461392086193724474e-02
6.485343617995961707e-02 1.128597435938086396e-01 -1.482043962795220049e-01 3.660198478232484353e-03 1.135484483848213898e-02 -2.915930164294463708e-02
2.699415451856609360e-01 -6.205234129279044164e-02 -1.345487937279158108e-01 8.750774323694867143e-03 1.476910352908427640e-03 1.000903381935437375e-01
6.349607600148840514e-02 -5.753044829503310004e-02 -1.440882687455064814e-01 -1.318039182263735154e-03 1.260645662836909139e-02 7.237346224099805089e-03
1.084777374764849325e-02 1.343180951972252624e-01 -4.784400415687609098e-02 4.234361277016196468e-02 3.060910367919086536e-02 -2.840426370371322909e-02
7.290230713155104736e-02 4.919026264142097038e-02 -5.836405675618222544e-02 -7.884652936757973515e-04 -4.015224759692208843e-03 -2.281565550402385803e-02
1.369136597341005790e-01 -5.240859072975800892e-02 -6.232343341946023491e-02 -1.316663410154454532e-02 -2.063904782984705977e-02 2.864354632098710125e-03
1.638452402437010069e-01 -3.918381108717711170e-02 -7.685861399350879530e-02 4.158969557918738597e-05 5.397042082548193440e-03 4.974952303700839323e-02
1.052298645741695238e-01 -2.004124610199117112e-02 -4.279686647981433695e-02 3.271007920913074352e-02 1.656591767504365237e-02 -1.326450700706782206e-02
1.611973335469264190e-01 -1.705313794710009156e-01 -9.999038778016242079e-02 3.996269667065206234e-03 2.469641019191002457e-02 8.967580457752881429e-02
1.240206981275098486e-01 -3.841549930576580729e-03 -7.981485007613588548e-03 -4.223817212860439541e-02 -2.417478659932335502e-02 -1.728611850574688844e-02
1.244822615298123714e-01 -5.084783333684127909e-02 2.956518458136327479e-03 1.759398483648984268e-02 2.166907181659913015e-02 1.397054874587889961e-02
2.516679233992138998e-01 -9.297544854351344479e-02 1.978692107436829176e-02 -1.064734952731467149e-02 1.258457147245630424e-02 6.162217691374038964e-02
1.829766472937673638e-01 -6.132088655849126518e-02 3.777266546968784111e-02 -5.289703004758003653e-03 1.581134936820093387e-02 4.572419456354844848e-03
1.821615395830952222e-01 -8.209351860736913142e-02 2.681583722794286806e-02 -3.515682918228257153e-02 -1.816944664892517283e-02 1.477433688995243889e-03
1.566248178192448659e-01 4.047654886287904707e-02 -1.210393670918742115e-01 -6.272467149759467300e-03 -5.184761391365755529e-04 -1.427758563270635321e-02
1.761180228097543876e-01 -1.392302679066304005e-01 -4.177167543954102974e-02 -4.678705507982270501e-02 7.940754560863190481e-03 1.550254210100853250e-02
1.418104899962728815e-01 -1.055960343758393927e-01 6.090110471671374842e-02 1.191020110264367181e-03 4.492244678119335782e-02 4.575440705788912793e-02
1.506510507513542929e-01 -1.367691668126440885e-01 -1.031907610256279917e-01 -2.203583954527357433e-02 7.264019647142488066e-04 2.003711041293429126e-02
1.707311334458676555e-01 -6.900817633414210728e-02 -2.637702505933094046e-03 -4.888797445293528027e-03 4.591324744233699073e-02 2.277981756239491964e-02
1.730773306307568093e-01 -1.062812165812568044e-01 -5.543309890458075762e-02 -8.780410094617277506e-02 -2.675945121728786832e-02 1.753494014360334335e-02
1.514051367398119574e-01 -1.360814008461215252e-01 -1.480383713318899896e-01 -1.085368239441369433e-02 -4.144021747361456565e-02 4.835355563053447131e-02
6.949229441934209883e-02 -4.050183867378825964e-02 9.770934760179428302e-02 -5.206526088139717956e-02 1.036448930464368111e-02 -1.080212184463224395e-02
4.433768943881812724e-02 -1.036869640679079080e-01 -4.106164919237709904e-02 -1.774663445013750784e-02 -4.905626131793612218e-03 -2.859392837294597468e-03
2.162777699497481498e-01 -1.279166785741409074e-01 9.409987347700767002e-02 -3.557794821481966713e-02 7.616706383589559419e-03 8.598485463400552808e-02
1.102100678725153327e-01 -9.525003823670913361e-02 1.733036893545018275e-01 -4.327411113332266246e-02 4.813621706049010796e-02 4.679009374608514293e-02
1.602565056348890238e-01 4.207185417480791001e-02 -8.974940564054175590e-03 1.491662910151044484e-02 1.147747730964709945e-02 1.787022249892683892e-02
1.211184785816446091e-01 -2.267410721409169466e-03 6.732307599144227162e-03 -4.416317491350212759e-02 -7.954216636215191705e-02 3.440703663348036474e-03
1.034286758427516162e-01 -8.275526929688398203e-02 2.861460406027209469e-02 3.090493090280170205e-02 4.614325523744878393e-02 5.619326701717285849e-02
8.183006974468604033e-02 -2.787866965354385274e-01 -1.151630984561509419e-01 -1.139662641043423380e-01 -5.066196941813236321e-02 2.826806109556782853e-02
-4.115118879333742180e-05 -6.441988387656463755e-02 1.181754125305232994e-02 -7.192524542217726413e-02 -3.692440493175766503e-02 5.250009730883058862e-03
4.465290170523301266e-02 -7.834440052587737791e-02 -3.943317587921899015e-02 -8.057780152302766383e-03 4.582294236532231946e-03 8.224928378108365204e-03
-2.936106439432276116e-02 -2.469744749893617100e-02 -8.189686847173997808e-02 1.264816797088429146e-02 -3.920204446429088885e-02 -4.593141576531797887e-02
4.921337092775821681e-02 -9.069652941367001286e-02 -9.536626376389899240e-02 5.642407960673953560e-02 -2.363158709583213554e-03 6.417351942328562708e-02
3.551780298976034422e-02 -1.202724671565269521e-02 8.462741702555902357e-02 -9.455385656216824114e-03 3.318806786253634955e-02 -1.338234915390464075e-02
4.992847483680057374e-02 -4.523090978154866576e-02 1.034842153543982443e-02 -5.603558389996361050e-02 -2.908613135995010215e-02 4.185676960987643608e-02
3.599472802002666449e-02 -1.334741047664687597e-01 1.104896998305632400e-01 -5.344628986046024571e-02 -3.615206855063743917e-03 1.754950619248409061e-02
5.138046638070103977e-02 -1.010788029004308919e-01 4.334387081609035464e-02 4.004255061707448493e-02 1.297615853568724609e-02 5.364032193498975004e-02
4.861356862756825714e-02 -3.771521755108117602e-02 3.287961265826454260e-02 5.909291620646390381e-02 6.822904942765377345e-02 3.008848687082058340e-02
-3.363714083845555092e-02 5.165244995609247214e-04 7.648370212192934919e-03 3.966557397775410942e-02 3.393042810731199121e-02 -9.064665834100097547e-03
7.496246733282910246e-02 1.817998332151206375e-02 -1.184244726245428994e-02 -7.721771643331255819e-02 -6.507536600379468239e-02 -2.507119204499097184e-02
4.908282963456937764e-02 -2.959012570965329630e-02 1.025574009890994759e-01 1.795712614998485127e-02 2.514456272819851068e-02 8.027568372282703479e-03
1.048195488588463953e-01 -1.010221593010088015e-01 -2.438596981061405891e-02 2.764156037487111237e-02 3.588267171483914761e-03 7.332027832507065357e-02
3.666202619189243284e-02 -6.415504762557952545e-02 1.684768472540933495e-02 1.897429541420346186e-02 1.530098234410546230e-02 4.773838690917282107e-02
3.223008798586498441e-02 -5.080365899471316060e-02 1.003476676672937218e-01 5.255058575220224182e-02 8.790003410045077459e-02 5.078522899676529007e-02
1.032516681197249153e-01 -5.063783903750750798e-02 6.954688986071401458e-02 -1.839552873573804814e-02 3.764904999382441293e-03 4.119924572170042404e-02
1.961337210205443826e-01 -2.286597621530200020e-01 4.598184260292223491e-02 1.921583765471350166e-02 -3.370106330339003170e-02 8.971243494774389093e-02
6.845558747254355814e-02 -6.625163452159338329e-02 1.030062487383890113e-01 -2.706072585089096608e-02 1.898202973734248664e-02 3.210331562593741334e-02
8.015891025921162427e-02 -6.442270389432966371e-02 6.148035967136844526e-02 4.968632238608759744e-02 6.065426518328261019e-02 6.623115383720273863e-02
9.051628988123625041e-02 -1.484198152170967955e-02 1.331356356321845846e-01 2.619895470388816650e-02 1.153588850197994134e-02 4.026360678912188629e-02
3.943126962650750356e-02 -5.431749568480030710e-02 1.914421821122866130e-01 -4.021532124628839772e-02 -3.425195114338444764e-03 1.497100650813973366e-03
-4.592666632657409903e-02 1.399866630801872014e-01 1.469106361564036789e-01 -9.737341789926932945e-03 -1.133866643417865035e-02 -5.738138795740744397e-02
1.063089873274197517e-01 -9.621688186912981389e-02 5.074789283213242130e-02 6.634041710978601236e-02 2.880622885993645507e-02 4.915615372793582377e-02
-4.996962644089041755e-02 3.847663181907206176e-03 9.079232655335370272e-02 5.269601609391995345e-02 2.606577484663846409e-02 -5.124999129616576721e-02
9.943945743333132414e-02 -9.740151810864738913e-03 1.217534620567097825e-01 2.036810017619112775e-02 4.359437211932365441e-02 5.093456822235466197e-02
7.743964986727899791e-02 2.814858590688566753e-02 7.363233040298380883e-02 1.364917432884649000e-02 -3.790539340903253257e-02 2.567502883144540810e-02
5.221455615915511494e-02 -1.272547758883358845e-02 9.013016466614401367e-02 -3.357195303296535340e-03 6.640710924171205898e-03 1.996037668358171049e-02
1.798715271566149188e-01 -1.214040275475387343e-01 1.183577699603754751e-01 -2.417842186668011165e-02 -3.003023001295955161e-02 7.456243007677873513e-02
2.350450893493916116e-02 -5.147445802475555943e-02 1.859125869054421565e-01 -4.196981247547848515e-02 2.891427849234001757e-02 2.675668173536900618e-02
5.198759397064955934e-02 -5.759086277908573304e-02 1.599119836278727891e-01 1.526035958858365689e-02 -1.142559455963288589e-02 1.892034071506837681e-02
-4.982631410379872311e-02 -1.034071727418062470e-01 1.854476572998630113e-01 -3.064435546148601072e-02 5.444293835086435468e-02 -4.968889700096582908e-03
5.754884242100297143e-02 -1.587209656358487108e-03 -1.906084769360423883e-02 6.695352489619406378e-02 5.395930971193650671e-02 1.176769377957124184e-02
6.481690985357961565e-02 -3.553862796560255249e-02 5.493889727551384133e-02 1.609500080002155111e-03 1.057236730759033606e-02 6.212095323306817546e-02
3.830918679768813284e-02 -1.454460012588673079e-01 1.424814644134409225e-01 7.410609705264574465e-03 -2.568401228938086908e-02 2.425092795651186475e-02
5.275794712038082458e-03 -4.491160027243950442e-02 3.068333712750545006e-01 3.554509300630804419e-02 5.388865355960318487e-02 5.019484801833554166e-02
9.240856957384030457e-02 -1.081692838126274148e-01 1.420579328713325040e-01 -1.024165965196043165e-01 -5.828556251409396788e-02 -2.564864919994980837e-03
2.814273397320087022e-02 -1.053343071458415769e-01 -5.739591100196433926e-02 -8.304817079303248792e-03 -4.251286064561190375e-02 1.493133634156923462e-02
2.539372312633799908e-02 5.209694095979211514e-03 7.216949422159663063e-02 -8.352058515308636785e-03 4.069745011980475252e-03 -2.476386968492879856e-02
-6.960937809027364920e-02 -7.320720439074557273e-02 1.157734964377109543e-01 -2.117067430600025942e-03 5.464792239516061065e-03 6.308733077453478055e-03
-1.609013813418816441e-01 1.006867603839092518e-01 1.917030793870590499e-01 3.150823627801162957e-02 6.279559393782022103e-02 -5.639271487809197937e-03
5.743493189370317553e-02 -1.791149715064126458e-01 1.629245184529016510e-01 -3.651750907638936605e-04 2.050957122037449371e-02 5.524595683656051415e-02
-7.292616163849281741e-02 -5.494557569010452558e-02 2.628753291384366975e-01 5.618118002447421849e-02 7.516058441814579827e-02 4.947979747815384188e-02
6.622366693957928985e-02 -1.281890165384028113e-01 2.466164119815037470e-01 -4.826138288248679742e-02 7.419794540810797576e-03 3.267016724315217890e-02
-3.199703088381018745e-02 -1.259201634429340522e-01 2.361171977199859884e-01 -6.007391252798236631e-02 -6.216316828837665544e-03 4.630921842934871552e-02
-1.558677841288720889e-01 1.103319262508902915e-01 2.085929210191082850e-01 5.211431133079306305e-02 1.625560983686605981e-02 -5.249323891574871753e-02
-1.421344403172496440e-01 -6.319478411949287777e-02 2.066671859402865186e-01 6.136180480743667204e-02 3.091636333608488441e-02 -1.739892303246687449e-05
3.747479906289113982e-02 -1.040700816282333074e-01 4.705955065959718797e-02 9.873429116230902913e-03 -4.156845030555553037e-03 4.989655574568052643e-02
-1.763179359305034818e-02 -8.789822382225649655e-02 4.951893046322580066e-02 -1.569298941531863112e-02 -2.289185471568055269e-02 5.115548169925172167e-02
1.061396805271692945e-02 -6.540014894023281344e-02 2.023378066419536103e-01 1.994277945883792674e-02 -8.119704952466243186e-03 5.500262871509428025e-02
1.903330323652938777e-02 5.566138860575216112e-03 2.325424584153868435e-01 9.543129329676150463e-02 3.801265729967098772e-02 6.546293645910916670e-03
-2.385457248300634769e-02 -2.742359733647123377e-02 2.781658038375159903e-01 3.783206510937581202e-02 4.203511724559635260e-02 4.498675069010117655e-02
7.347533279099230548e-03 -1.173272365677318629e-01 2.883433818053229847e-01 -1.493660673275899568e-02 1.215109397413008906e-02 6.309061333612105138e-02
-5.093700821948959900e-02 -4.451010225297862000e-03 3.946709235020629536e-01 -3.625438383482194275e-03 1.069303421307201719e-02 1.237338967023005401e-02
4.321415277314369363e-02 -4.373725700734375221e-02 3.356717540864464500e-01 1.513020783000113868e-03 -7.510923250058037723e-03 6.466231413559420452e-03
-1.216063674720951893e-01 2.421801823308175963e-02 4.457981393443185558e-01 -1.208971710032309167e-02 3.266104502585367997e-03 -4.503839780979090358e-03
-5.623956118001825766e-02 4.167637653370628165e-02 3.890784237550667379e-01 3.617117537508698216e-02 1.351416219343732142e-02 1.030763026879608600e-02
4.304814822351273051e-02 -6.934067469004226436e-02 2.959077286124487394e-01 -1.278800579299897407e-03 -8.793133250147612545e-03 6.693537253507102214e-02
1.081608184828646707e-03 -2.242070134296528933e-02 6.228508904607352736e-01 -3.632127848200635001e-02 1.521883496929492437e-02 4.871092149659103643e-02
-1.174983827480016174e-01 -5.041561893977676567e-02 4.682722623042042676e-01 4.153872534357152396e-02 5.123625833942586222e-02 4.615746824924669284e-02
-3.859974525039666648e-03 6.239575256873664683e-02 4.612068793267535827e-01 1.156228032229620999e-02 -1.279779112448026744e-02 -2.875006466005015568e-02
-4.461738366254494603e-02 -1.125414016159982655e-01 3.119346871171666535e-01 -1.853307853094601082e-02 5.971251560816040645e-03 4.170790484755750732e-02
-8.769041848154421337e-02 -9.156268459022541550e-02 3.521681157401077011e-01 1.001291257773166861e-02 1.167146759414317697e-02 4.221419011259438386e-02
1.830340461231481225e-02 -2.544838958977496679e-02 4.473905624971273309e-01 3.903689949784384244e-02 -1.583624448368095225e-02 5.887085714868560415e-02
-3.482043756894077913e-02 -2.208857128021715632e-01 3.352911261153167510e-01 1.604774523770049685e-02 1.284197312311134882e-02 3.610864706628764964e-02
-8.029262762526634400e-02 -1.005346670226529571e-01 3.988844664140754892e-01 -4.457517063782985220e-03 -1.824583998801335150e-02 2.848537659713345702e-02
-3.030516720216574339e-04 -7.390679162369115374e-02 3.300601858764046770e-01 1.050782250148479466e-02 -3.627444586058945365e-03 4.272283032450407969e-02
